//Section	Type	Level	Dur	Skill	Luck	Option	ExcOp	Coment
14		1	0	255	0	0	0	0
14		2	0	255	0	0	0	0
14		3	0	255	0	0	0	0
14		4	0	255	0	0	0	0
14		5	0	255	0	0	0	0
14		6	0	255	0	0	0	0
14		40	0	255	0	0	0	0
14		40	0	255	0	0	0	0
13              18      1       0       0       0       0       0
13              18      2       0       0       0       0       0
13              18      3       0       0       0       0       0
13              18      4       0       0       0       0       0
13              18      5       0       0       0       0       0
13              18      6       0       0       0       0       0
13              18      7       0       0       0       0       0
13              18      8       0       0       0       0       0
14              28      1       0       0       0       0       0
14              28      2       0       0       0       0       0
14              28      3       0       0       0       0       0
14              28      4       0       0       0       0       0
14              28      5       0       0       0       0       0
14              28      6       0       0       0       0       0
14              28      7       0       0       0       0       0
14              19      1       0       0       0       0       0
14              19      2       0       0       0       0       0
14              19      3       0       0       0       0       0
14              19      4       0       0       0       0       0
14              19      5       0       0       0       0       0
14              19      6       0       0       0       0       0
14              19      7       0       0       0       0       0
13              51      1       0       0       0       0       0
13              51      2       0       0       0       0       0
13              51      3       0       0       0       0       0
13              51      4       0       0       0       0       0
13              51      5       0       0       0       0       0
13              51      6       0       0       0       0       0
14		26	0	0	0	0	0	0
14		23	1	0	0	0	0	0
14		24	1	0	0	0	0	0
14		24	0	0	0	0	0	0
14		66	0	0	0	0	0	0
14		65	0	0	0	0	0	0
14		67	0	0	0	0	0	0
14		25	0	0	0	0	0	0
14		68	0	0	0	0	0	0
14		23	0	0	0	0	0	0
end
